{
  "exact": 73.01743994735111,
  "f1": 76.08550886577203,
  "total": 6078,
  "HasAns_exact": 73.43642611683849,
  "HasAns_f1": 79.84457831139594,
  "HasAns_total": 2910,
  "NoAns_exact": 72.63257575757575,
  "NoAns_f1": 72.63257575757575,
  "NoAns_total": 3168
}
