{
  "exact": 73.01743994735111,
  "f1": 76.08550886577194,
  "total": 6078,
  "HasAns_exact": 73.43642611683849,
  "HasAns_f1": 79.84457831139603,
  "HasAns_total": 2910,
  "NoAns_exact": 72.63257575757575,
  "NoAns_f1": 72.63257575757575,
  "NoAns_total": 3168,
  "best_exact": 73.77426785126687,
  "best_exact_thresh": -1.9294315874576569,
  "best_f1": 76.64163533451975,
  "best_f1_thresh": -1.753922462463379
}
