{
  "exact": 39.50312602829878,
  "f1": 43.659669059493226,
  "total": 6078,
  "HasAns_exact": 79.20962199312714,
  "HasAns_f1": 87.89122630364253,
  "HasAns_total": 2910,
  "NoAns_exact": 3.0303030303030303,
  "NoAns_f1": 3.0303030303030303,
  "NoAns_total": 3168,
  "best_exact": 69.0194142810135,
  "best_exact_thresh": -21.39172101020813,
  "best_f1": 71.36770586580805,
  "best_f1_thresh": -21.126991748809814
}
